(kicad_pcb (version 20171130) (host pcbnew "(5.1.4)-1")

  (general
    (thickness 1.6)
    (drawings 4)
    (tracks 810)
    (zones 0)
    (modules 101)
    (nets 243)
  )

  (page A4)
  (layers
    (0 F.Cu signal)
    (1 In1.Cu power)
    (2 In2.Cu power)
    (31 B.Cu signal)
    (32 B.Adhes user hide)
    (33 F.Adhes user hide)
    (34 B.Paste user)
    (35 F.Paste user)
    (36 B.SilkS user)
    (37 F.SilkS user)
    (38 B.Mask user)
    (39 F.Mask user)
    (40 Dwgs.User user hide)
    (41 Cmts.User user hide)
    (42 Eco1.User user hide)
    (43 Eco2.User user hide)
    (44 Edge.Cuts user)
    (45 Margin user hide)
    (46 B.CrtYd user)
    (47 F.CrtYd user)
    (48 B.Fab user hide)
    (49 F.Fab user hide)
  )

  (setup
    (last_trace_width 0.508)
    (user_trace_width 0.1016)
    (user_trace_width 0.1524)
    (user_trace_width 0.2286)
    (user_trace_width 0.3048)
    (user_trace_width 0.4064)
    (user_trace_width 0.508)
    (user_trace_width 0.762)
    (user_trace_width 1.016)
    (user_trace_width 2.032)
    (trace_clearance 0.127)
    (zone_clearance 0.254)
    (zone_45_only no)
    (trace_min 0.089)
    (via_size 0.8)
    (via_drill 0.4)
    (via_min_size 0.45)
    (via_min_drill 0.2)
    (user_via 0.4572 0.2286)
    (uvia_size 0.3)
    (uvia_drill 0.1)
    (uvias_allowed no)
    (uvia_min_size 0.2)
    (uvia_min_drill 0.1)
    (edge_width 0.05)
    (segment_width 0.2)
    (pcb_text_width 0.3)
    (pcb_text_size 1.5 1.5)
    (mod_edge_width 0.12)
    (mod_text_size 1 1)
    (mod_text_width 0.15)
    (pad_size 3.45 3.45)
    (pad_drill 0)
    (pad_to_mask_clearance 0.051)
    (solder_mask_min_width 0.25)
    (aux_axis_origin 0 0)
    (visible_elements 7FFFFFFF)
    (pcbplotparams
      (layerselection 0x010fc_ffffffff)
      (usegerberextensions false)
      (usegerberattributes false)
      (usegerberadvancedattributes false)
      (creategerberjobfile false)
      (excludeedgelayer true)
      (linewidth 0.100000)
      (plotframeref false)
      (viasonmask false)
      (mode 1)
      (useauxorigin false)
      (hpglpennumber 1)
      (hpglpenspeed 20)
      (hpglpendiameter 15.000000)
      (psnegative false)
      (psa4output false)
      (plotreference true)
      (plotvalue true)
      (plotinvisibletext false)
      (padsonsilk false)
      (subtractmaskfromsilk false)
      (outputformat 1)
      (mirror false)
      (drillshape 1)
      (scaleselection 1)
      (outputdirectory ""))
  )

  (net 0 "")
  (net 1 GND)
  (net 2 VCC)
  (net 3 +1V2)
  (net 4 /~RESET)
  (net 5 +3V3)
  (net 6 /VDDCORE)
  (net 7 /VDDANA)
  (net 8 /XIN)
  (net 9 /XOUT)
  (net 10 /ICE40HX8K-BG121_0/VCCPLL0)
  (net 11 /ICE40HX8K-BG121_0/GNDPLL0)
  (net 12 /ICE40HX8K-BG121_0/VCCPLL1)
  (net 13 /ICE40HX8K-BG121_1/VCCPLL0)
  (net 14 /ICE40HX8K-BG121_1/GNDPLL0)
  (net 15 /ICE40HX8K-BG121_1/VCCPLL1)
  (net 16 "Net-(D1-Pad2)")
  (net 17 "Net-(D2-Pad2)")
  (net 18 /ICE40HX8K-BG121_0/VPP_2V5)
  (net 19 /ICE40HX8K-BG121_1/VPP_2V5)
  (net 20 /VPWR)
  (net 21 /SDA)
  (net 22 /SCL)
  (net 23 /SWDIO_TMS)
  (net 24 /SWDCLK_TCK)
  (net 25 /RX-)
  (net 26 /TX-)
  (net 27 /RX+)
  (net 28 /TX+)
  (net 29 /~WE)
  (net 30 /~GS)
  (net 31 /CRESET_B)
  (net 32 /MOSI)
  (net 33 /SCK)
  (net 34 /OSC)
  (net 35 /ICE40HX8K-BG121_0/CDONE)
  (net 36 /ICE40HX8K-BG121_1/CDONE)
  (net 37 /MISO)
  (net 38 /RX)
  (net 39 /TX)
  (net 40 /FIFO_0_1)
  (net 41 "Net-(J4-Pad1)")
  (net 42 "Net-(J1-Pad1)")
  (net 43 /TDO)
  (net 44 /TDI)
  (net 45 "Net-(J5-Pad8)")
  (net 46 "Net-(J5-Pad4)")
  (net 47 "Net-(J5-Pad7)")
  (net 48 "Net-(J5-Pad5)")
  (net 49 "Net-(J6-Pad5)")
  (net 50 "Net-(J6-Pad7)")
  (net 51 "Net-(J6-Pad4)")
  (net 52 "Net-(J6-Pad8)")
  (net 53 "Net-(JP1-Pad1)")
  (net 54 "Net-(U3-Pad13)")
  (net 55 "Net-(U3-Pad14)")
  (net 56 "Net-(U5-PadK11)")
  (net 57 "Net-(U5-PadJ11)")
  (net 58 "Net-(U5-PadH11)")
  (net 59 "Net-(U5-PadG11)")
  (net 60 "Net-(U5-PadF11)")
  (net 61 "Net-(U5-PadE11)")
  (net 62 "Net-(U5-PadD11)")
  (net 63 "Net-(U5-PadC11)")
  (net 64 "Net-(U5-PadB11)")
  (net 65 "Net-(U5-PadA11)")
  (net 66 "Net-(U5-PadJ10)")
  (net 67 "Net-(U5-PadH10)")
  (net 68 "Net-(U5-PadG10)")
  (net 69 "Net-(U5-PadF10)")
  (net 70 "Net-(U5-PadE10)")
  (net 71 "Net-(U5-PadD10)")
  (net 72 "Net-(U5-PadB10)")
  (net 73 "Net-(U5-PadA10)")
  (net 74 /ICE40HX8K-BG121_0/GMISO)
  (net 75 "Net-(U5-PadH9)")
  (net 76 "Net-(U5-PadG9)")
  (net 77 "Net-(U5-PadF9)")
  (net 78 "Net-(U5-PadE9)")
  (net 79 "Net-(U5-PadD9)")
  (net 80 "Net-(U5-PadC9)")
  (net 81 "Net-(U5-PadB9)")
  (net 82 "Net-(U5-PadA9)")
  (net 83 "Net-(U5-PadG8)")
  (net 84 "Net-(U5-PadE8)")
  (net 85 "Net-(U5-PadC8)")
  (net 86 "Net-(U5-PadB8)")
  (net 87 "Net-(U5-PadA8)")
  (net 88 "Net-(U5-PadL7)")
  (net 89 "Net-(U5-PadJ7)")
  (net 90 "Net-(U5-PadH7)")
  (net 91 "Net-(U5-PadD7)")
  (net 92 "Net-(U5-PadC7)")
  (net 93 "Net-(U5-PadB7)")
  (net 94 "Net-(U5-PadA7)")
  (net 95 "Net-(U5-PadB6)")
  (net 96 "Net-(U5-PadA6)")
  (net 97 "Net-(U5-PadK5)")
  (net 98 "Net-(U5-PadJ5)")
  (net 99 "Net-(U5-PadD5)")
  (net 100 /ICE40HX8K-BG121_0/GNDPLL1)
  (net 101 "Net-(U5-PadB5)")
  (net 102 "Net-(U5-PadA5)")
  (net 103 "Net-(U5-PadL4)")
  (net 104 "Net-(U5-PadK4)")
  (net 105 "Net-(U5-PadF4)")
  (net 106 "Net-(U5-PadC4)")
  (net 107 "Net-(U5-PadB4)")
  (net 108 "Net-(U5-PadA4)")
  (net 109 "Net-(U5-PadH3)")
  (net 110 "Net-(U5-PadG3)")
  (net 111 "Net-(U5-PadF3)")
  (net 112 "Net-(U5-PadE3)")
  (net 113 "Net-(U5-PadD3)")
  (net 114 "Net-(U5-PadC3)")
  (net 115 "Net-(U5-PadB3)")
  (net 116 "Net-(U5-PadA3)")
  (net 117 "Net-(U5-PadK2)")
  (net 118 "Net-(U5-PadJ2)")
  (net 119 "Net-(U5-PadH2)")
  (net 120 "Net-(U5-PadG2)")
  (net 121 "Net-(U5-PadF2)")
  (net 122 "Net-(U5-PadE2)")
  (net 123 "Net-(U5-PadD2)")
  (net 124 "Net-(U5-PadC2)")
  (net 125 "Net-(U5-PadB2)")
  (net 126 "Net-(U5-PadA2)")
  (net 127 "Net-(U5-PadK1)")
  (net 128 "Net-(U5-PadJ1)")
  (net 129 "Net-(U5-PadH1)")
  (net 130 "Net-(U5-PadG1)")
  (net 131 "Net-(U5-PadF1)")
  (net 132 "Net-(U5-PadE1)")
  (net 133 "Net-(U5-PadD1)")
  (net 134 "Net-(U5-PadC1)")
  (net 135 "Net-(U5-PadB1)")
  (net 136 "Net-(U5-PadA1)")
  (net 137 "Net-(U6-PadA1)")
  (net 138 "Net-(U6-PadB1)")
  (net 139 "Net-(U6-PadC1)")
  (net 140 "Net-(U6-PadD1)")
  (net 141 "Net-(U6-PadE1)")
  (net 142 "Net-(U6-PadF1)")
  (net 143 "Net-(U6-PadG1)")
  (net 144 "Net-(U6-PadH1)")
  (net 145 "Net-(U6-PadJ1)")
  (net 146 "Net-(U6-PadK1)")
  (net 147 "Net-(U6-PadA2)")
  (net 148 "Net-(U6-PadB2)")
  (net 149 "Net-(U6-PadC2)")
  (net 150 "Net-(U6-PadD2)")
  (net 151 "Net-(U6-PadE2)")
  (net 152 "Net-(U6-PadF2)")
  (net 153 "Net-(U6-PadG2)")
  (net 154 "Net-(U6-PadH2)")
  (net 155 "Net-(U6-PadJ2)")
  (net 156 "Net-(U6-PadK2)")
  (net 157 "Net-(U6-PadA3)")
  (net 158 "Net-(U6-PadB3)")
  (net 159 "Net-(U6-PadC3)")
  (net 160 "Net-(U6-PadD3)")
  (net 161 "Net-(U6-PadE3)")
  (net 162 "Net-(U6-PadF3)")
  (net 163 "Net-(U6-PadG3)")
  (net 164 "Net-(U6-PadH3)")
  (net 165 "Net-(U6-PadA4)")
  (net 166 "Net-(U6-PadB4)")
  (net 167 "Net-(U6-PadC4)")
  (net 168 "Net-(U6-PadF4)")
  (net 169 "Net-(U6-PadK4)")
  (net 170 "Net-(U6-PadL4)")
  (net 171 "Net-(U6-PadA5)")
  (net 172 "Net-(U6-PadB5)")
  (net 173 /ICE40HX8K-BG121_1/GNDPLL1)
  (net 174 "Net-(U6-PadD5)")
  (net 175 "Net-(U6-PadJ5)")
  (net 176 "Net-(U6-PadK5)")
  (net 177 "Net-(U6-PadA6)")
  (net 178 "Net-(U6-PadB6)")
  (net 179 "Net-(U6-PadA7)")
  (net 180 "Net-(U6-PadB7)")
  (net 181 "Net-(U6-PadC7)")
  (net 182 "Net-(U6-PadD7)")
  (net 183 "Net-(U6-PadH7)")
  (net 184 "Net-(U6-PadJ7)")
  (net 185 "Net-(U6-PadL7)")
  (net 186 "Net-(U6-PadA8)")
  (net 187 "Net-(U6-PadB8)")
  (net 188 "Net-(U6-PadC8)")
  (net 189 "Net-(U6-PadE8)")
  (net 190 "Net-(U6-PadG8)")
  (net 191 "Net-(U6-PadA9)")
  (net 192 "Net-(U6-PadB9)")
  (net 193 "Net-(U6-PadC9)")
  (net 194 "Net-(U6-PadD9)")
  (net 195 "Net-(U6-PadE9)")
  (net 196 "Net-(U6-PadF9)")
  (net 197 "Net-(U6-PadG9)")
  (net 198 "Net-(U6-PadH9)")
  (net 199 /ICE40HX8K-BG121_1/GMISO)
  (net 200 "Net-(U6-PadA10)")
  (net 201 "Net-(U6-PadB10)")
  (net 202 "Net-(U6-PadD10)")
  (net 203 "Net-(U6-PadE10)")
  (net 204 "Net-(U6-PadF10)")
  (net 205 "Net-(U6-PadG10)")
  (net 206 "Net-(U6-PadH10)")
  (net 207 "Net-(U6-PadJ10)")
  (net 208 "Net-(U6-PadA11)")
  (net 209 "Net-(U6-PadB11)")
  (net 210 "Net-(U6-PadC11)")
  (net 211 "Net-(U6-PadD11)")
  (net 212 "Net-(U6-PadE11)")
  (net 213 "Net-(U6-PadF11)")
  (net 214 "Net-(U6-PadG11)")
  (net 215 "Net-(U6-PadH11)")
  (net 216 "Net-(U6-PadJ11)")
  (net 217 "Net-(U6-PadK11)")
  (net 218 "Net-(R1-Pad1)")
  (net 219 "Net-(R2-Pad1)")
  (net 220 "Net-(R5-Pad2)")
  (net 221 "Net-(U5-PadJ3)")
  (net 222 "Net-(U5-PadL2)")
  (net 223 "Net-(U6-PadL2)")
  (net 224 "Net-(U6-PadJ3)")
  (net 225 "Net-(U5-PadK6)")
  (net 226 "Net-(U6-PadK6)")
  (net 227 /ICE40HX8K-BG121_0/SPI_SS_B)
  (net 228 /ICE40HX8K-BG121_1/SPI_SS_B)
  (net 229 "Net-(U5-PadJ8)")
  (net 230 "Net-(U6-PadJ8)")
  (net 231 "Net-(U3-Pad1)")
  (net 232 "Net-(U3-Pad2)")
  (net 233 "Net-(U3-Pad3)")
  (net 234 "Net-(U3-Pad4)")
  (net 235 "Net-(U3-Pad5)")
  (net 236 "Net-(U3-Pad6)")
  (net 237 "Net-(U3-Pad7)")
  (net 238 "Net-(U3-Pad8)")
  (net 239 /READY)
  (net 240 "Net-(U3-Pad27)")
  (net 241 /READY_0_1)
  (net 242 /READY_0)

  (net_class Default "This is the default net class."
    (clearance 0.127)
    (trace_width 0.25)
    (via_dia 0.8)
    (via_drill 0.4)
    (uvia_dia 0.3)
    (uvia_drill 0.1)
    (add_net +1V2)
    (add_net +3V3)
    (add_net /CRESET_B)
    (add_net /FIFO_0_1)
    (add_net /ICE40HX8K-BG121_0/CDONE)
    (add_net /ICE40HX8K-BG121_0/GMISO)
    (add_net /ICE40HX8K-BG121_0/GNDPLL0)
    (add_net /ICE40HX8K-BG121_0/GNDPLL1)
    (add_net /ICE40HX8K-BG121_0/SPI_SS_B)
    (add_net /ICE40HX8K-BG121_0/VCCPLL0)
    (add_net /ICE40HX8K-BG121_0/VCCPLL1)
    (add_net /ICE40HX8K-BG121_0/VPP_2V5)
    (add_net /ICE40HX8K-BG121_1/CDONE)
    (add_net /ICE40HX8K-BG121_1/GMISO)
    (add_net /ICE40HX8K-BG121_1/GNDPLL0)
    (add_net /ICE40HX8K-BG121_1/GNDPLL1)
    (add_net /ICE40HX8K-BG121_1/SPI_SS_B)
    (add_net /ICE40HX8K-BG121_1/VCCPLL0)
    (add_net /ICE40HX8K-BG121_1/VCCPLL1)
    (add_net /ICE40HX8K-BG121_1/VPP_2V5)
    (add_net /MISO)
    (add_net /MOSI)
    (add_net /OSC)
    (add_net /READY)
    (add_net /READY_0)
    (add_net /READY_0_1)
    (add_net /RX)
    (add_net /RX+)
    (add_net /RX-)
    (add_net /SCK)
    (add_net /SCL)
    (add_net /SDA)
    (add_net /SWDCLK_TCK)
    (add_net /SWDIO_TMS)
    (add_net /TDI)
    (add_net /TDO)
    (add_net /TX)
    (add_net /TX+)
    (add_net /TX-)
    (add_net /VDDANA)
    (add_net /VDDCORE)
    (add_net /VPWR)
    (add_net /XIN)
    (add_net /XOUT)
    (add_net /~GS)
    (add_net /~RESET)
    (add_net /~WE)
    (add_net GND)
    (add_net "Net-(D1-Pad2)")
    (add_net "Net-(D2-Pad2)")
    (add_net "Net-(J1-Pad1)")
    (add_net "Net-(J4-Pad1)")
    (add_net "Net-(J5-Pad4)")
    (add_net "Net-(J5-Pad5)")
    (add_net "Net-(J5-Pad7)")
    (add_net "Net-(J5-Pad8)")
    (add_net "Net-(J6-Pad4)")
    (add_net "Net-(J6-Pad5)")
    (add_net "Net-(J6-Pad7)")
    (add_net "Net-(J6-Pad8)")
    (add_net "Net-(JP1-Pad1)")
    (add_net "Net-(R1-Pad1)")
    (add_net "Net-(R2-Pad1)")
    (add_net "Net-(R5-Pad2)")
    (add_net "Net-(U3-Pad1)")
    (add_net "Net-(U3-Pad13)")
    (add_net "Net-(U3-Pad14)")
    (add_net "Net-(U3-Pad2)")
    (add_net "Net-(U3-Pad27)")
    (add_net "Net-(U3-Pad3)")
    (add_net "Net-(U3-Pad4)")
    (add_net "Net-(U3-Pad5)")
    (add_net "Net-(U3-Pad6)")
    (add_net "Net-(U3-Pad7)")
    (add_net "Net-(U3-Pad8)")
    (add_net "Net-(U5-PadA1)")
    (add_net "Net-(U5-PadA10)")
    (add_net "Net-(U5-PadA11)")
    (add_net "Net-(U5-PadA2)")
    (add_net "Net-(U5-PadA3)")
    (add_net "Net-(U5-PadA4)")
    (add_net "Net-(U5-PadA5)")
    (add_net "Net-(U5-PadA6)")
    (add_net "Net-(U5-PadA7)")
    (add_net "Net-(U5-PadA8)")
    (add_net "Net-(U5-PadA9)")
    (add_net "Net-(U5-PadB1)")
    (add_net "Net-(U5-PadB10)")
    (add_net "Net-(U5-PadB11)")
    (add_net "Net-(U5-PadB2)")
    (add_net "Net-(U5-PadB3)")
    (add_net "Net-(U5-PadB4)")
    (add_net "Net-(U5-PadB5)")
    (add_net "Net-(U5-PadB6)")
    (add_net "Net-(U5-PadB7)")
    (add_net "Net-(U5-PadB8)")
    (add_net "Net-(U5-PadB9)")
    (add_net "Net-(U5-PadC1)")
    (add_net "Net-(U5-PadC11)")
    (add_net "Net-(U5-PadC2)")
    (add_net "Net-(U5-PadC3)")
    (add_net "Net-(U5-PadC4)")
    (add_net "Net-(U5-PadC7)")
    (add_net "Net-(U5-PadC8)")
    (add_net "Net-(U5-PadC9)")
    (add_net "Net-(U5-PadD1)")
    (add_net "Net-(U5-PadD10)")
    (add_net "Net-(U5-PadD11)")
    (add_net "Net-(U5-PadD2)")
    (add_net "Net-(U5-PadD3)")
    (add_net "Net-(U5-PadD5)")
    (add_net "Net-(U5-PadD7)")
    (add_net "Net-(U5-PadD9)")
    (add_net "Net-(U5-PadE1)")
    (add_net "Net-(U5-PadE10)")
    (add_net "Net-(U5-PadE11)")
    (add_net "Net-(U5-PadE2)")
    (add_net "Net-(U5-PadE3)")
    (add_net "Net-(U5-PadE8)")
    (add_net "Net-(U5-PadE9)")
    (add_net "Net-(U5-PadF1)")
    (add_net "Net-(U5-PadF10)")
    (add_net "Net-(U5-PadF11)")
    (add_net "Net-(U5-PadF2)")
    (add_net "Net-(U5-PadF3)")
    (add_net "Net-(U5-PadF4)")
    (add_net "Net-(U5-PadF9)")
    (add_net "Net-(U5-PadG1)")
    (add_net "Net-(U5-PadG10)")
    (add_net "Net-(U5-PadG11)")
    (add_net "Net-(U5-PadG2)")
    (add_net "Net-(U5-PadG3)")
    (add_net "Net-(U5-PadG8)")
    (add_net "Net-(U5-PadG9)")
    (add_net "Net-(U5-PadH1)")
    (add_net "Net-(U5-PadH10)")
    (add_net "Net-(U5-PadH11)")
    (add_net "Net-(U5-PadH2)")
    (add_net "Net-(U5-PadH3)")
    (add_net "Net-(U5-PadH7)")
    (add_net "Net-(U5-PadH9)")
    (add_net "Net-(U5-PadJ1)")
    (add_net "Net-(U5-PadJ10)")
    (add_net "Net-(U5-PadJ11)")
    (add_net "Net-(U5-PadJ2)")
    (add_net "Net-(U5-PadJ3)")
    (add_net "Net-(U5-PadJ5)")
    (add_net "Net-(U5-PadJ7)")
    (add_net "Net-(U5-PadJ8)")
    (add_net "Net-(U5-PadK1)")
    (add_net "Net-(U5-PadK11)")
    (add_net "Net-(U5-PadK2)")
    (add_net "Net-(U5-PadK4)")
    (add_net "Net-(U5-PadK5)")
    (add_net "Net-(U5-PadK6)")
    (add_net "Net-(U5-PadL2)")
    (add_net "Net-(U5-PadL4)")
    (add_net "Net-(U5-PadL7)")
    (add_net "Net-(U6-PadA1)")
    (add_net "Net-(U6-PadA10)")
    (add_net "Net-(U6-PadA11)")
    (add_net "Net-(U6-PadA2)")
    (add_net "Net-(U6-PadA3)")
    (add_net "Net-(U6-PadA4)")
    (add_net "Net-(U6-PadA5)")
    (add_net "Net-(U6-PadA6)")
    (add_net "Net-(U6-PadA7)")
    (add_net "Net-(U6-PadA8)")
    (add_net "Net-(U6-PadA9)")
    (add_net "Net-(U6-PadB1)")
    (add_net "Net-(U6-PadB10)")
    (add_net "Net-(U6-PadB11)")
    (add_net "Net-(U6-PadB2)")
    (add_net "Net-(U6-PadB3)")
    (add_net "Net-(U6-PadB4)")
    (add_net "Net-(U6-PadB5)")
    (add_net "Net-(U6-PadB6)")
    (add_net "Net-(U6-PadB7)")
    (add_net "Net-(U6-PadB8)")
    (add_net "Net-(U6-PadB9)")
    (add_net "Net-(U6-PadC1)")
    (add_net "Net-(U6-PadC11)")
    (add_net "Net-(U6-PadC2)")
    (add_net "Net-(U6-PadC3)")
    (add_net "Net-(U6-PadC4)")
    (add_net "Net-(U6-PadC7)")
    (add_net "Net-(U6-PadC8)")
    (add_net "Net-(U6-PadC9)")
    (add_net "Net-(U6-PadD1)")
    (add_net "Net-(U6-PadD10)")
    (add_net "Net-(U6-PadD11)")
    (add_net "Net-(U6-PadD2)")
    (add_net "Net-(U6-PadD3)")
    (add_net "Net-(U6-PadD5)")
    (add_net "Net-(U6-PadD7)")
    (add_net "Net-(U6-PadD9)")
    (add_net "Net-(U6-PadE1)")
    (add_net "Net-(U6-PadE10)")
    (add_net "Net-(U6-PadE11)")
    (add_net "Net-(U6-PadE2)")
    (add_net "Net-(U6-PadE3)")
    (add_net "Net-(U6-PadE8)")
    (add_net "Net-(U6-PadE9)")
    (add_net "Net-(U6-PadF1)")
    (add_net "Net-(U6-PadF10)")
    (add_net "Net-(U6-PadF11)")
    (add_net "Net-(U6-PadF2)")
    (add_net "Net-(U6-PadF3)")
    (add_net "Net-(U6-PadF4)")
    (add_net "Net-(U6-PadF9)")
    (add_net "Net-(U6-PadG1)")
    (add_net "Net-(U6-PadG10)")
    (add_net "Net-(U6-PadG11)")
    (add_net "Net-(U6-PadG2)")
    (add_net "Net-(U6-PadG3)")
    (add_net "Net-(U6-PadG8)")
    (add_net "Net-(U6-PadG9)")
    (add_net "Net-(U6-PadH1)")
    (add_net "Net-(U6-PadH10)")
    (add_net "Net-(U6-PadH11)")
    (add_net "Net-(U6-PadH2)")
    (add_net "Net-(U6-PadH3)")
    (add_net "Net-(U6-PadH7)")
    (add_net "Net-(U6-PadH9)")
    (add_net "Net-(U6-PadJ1)")
    (add_net "Net-(U6-PadJ10)")
    (add_net "Net-(U6-PadJ11)")
    (add_net "Net-(U6-PadJ2)")
    (add_net "Net-(U6-PadJ3)")
    (add_net "Net-(U6-PadJ5)")
    (add_net "Net-(U6-PadJ7)")
    (add_net "Net-(U6-PadJ8)")
    (add_net "Net-(U6-PadK1)")
    (add_net "Net-(U6-PadK11)")
    (add_net "Net-(U6-PadK2)")
    (add_net "Net-(U6-PadK4)")
    (add_net "Net-(U6-PadK5)")
    (add_net "Net-(U6-PadK6)")
    (add_net "Net-(U6-PadL2)")
    (add_net "Net-(U6-PadL4)")
    (add_net "Net-(U6-PadL7)")
    (add_net VCC)
  )

  (module Resistor_SMD:R_0805_2012Metric (layer B.Cu) (tedit 5B36C52B) (tstamp 5D9E975B)
    (at 64.6 100.3)
    (descr "Resistor SMD 0805 (2012 Metric), square (rectangular) end terminal, IPC_7351 nominal, (Body size source: https://docs.google.com/spreadsheets/d/1BsfQQcO9C6DZCsRaXUlFlo91Tg2WpOkGARC1WS5S8t0/edit?usp=sharing), generated with kicad-footprint-generator")
    (tags resistor)
    (path /5DB024DF)
    (attr smd)
    (fp_text reference R13 (at -0.15 -7.75) (layer B.SilkS)
      (effects (font (size 1 1) (thickness 0.15)) (justify mirror))
    )
    (fp_text value OMIT (at 0 -1.65) (layer B.Fab)
      (effects (font (size 1 1) (thickness 0.15)) (justify mirror))
    )
    (fp_text user %R (at 0 0) (layer B.Fab)
      (effects (font (size 0.5 0.5) (thickness 0.08)) (justify mirror))
    )
    (fp_line (start 1.68 -0.95) (end -1.68 -0.95) (layer B.CrtYd) (width 0.05))
    (fp_line (start 1.68 0.95) (end 1.68 -0.95) (layer B.CrtYd) (width 0.05))
    (fp_line (start -1.68 0.95) (end 1.68 0.95) (layer B.CrtYd) (width 0.05))
    (fp_line (start -1.68 -0.95) (end -1.68 0.95) (layer B.CrtYd) (width 0.05))
    (fp_line (start -0.258578 -0.71) (end 0.258578 -0.71) (layer B.SilkS) (width 0.12))
    (fp_line (start -0.258578 0.71) (end 0.258578 0.71) (layer B.SilkS) (width 0.12))
    (fp_line (start 1 -0.6) (end -1 -0.6) (layer B.Fab) (width 0.1))
    (fp_line (start 1 0.6) (end 1 -0.6) (layer B.Fab) (width 0.1))
    (fp_line (start -1 0.6) (end 1 0.6) (layer B.Fab) (width 0.1))
    (fp_line (start -1 -0.6) (end -1 0.6) (layer B.Fab) (width 0.1))
    (pad 2 smd roundrect (at 0.9375 0) (size 0.975 1.4) (layers B.Cu B.Paste B.Mask) (roundrect_rratio 0.25)
      (net 242 /READY_0))
    (pad 1 smd roundrect (at -0.9375 0) (size 0.975 1.4) (layers B.Cu B.Paste B.Mask) (roundrect_rratio 0.25)
      (net 1 GND))
    (model ${KISYS3DMOD}/Resistor_SMD.3dshapes/R_0805_2012Metric.wrl
      (at (xyz 0 0 0))
      (scale (xyz 1 1 1))
      (rotate (xyz 0 0 0))
    )
  )

  (module Resistor_SMD:R_0805_2012Metric (layer B.Cu) (tedit 5B36C52B) (tstamp 5D9E973A)
    (at 64.6 102.6 180)
    (descr "Resistor SMD 0805 (2012 Metric), square (rectangular) end terminal, IPC_7351 nominal, (Body size source: https://docs.google.com/spreadsheets/d/1BsfQQcO9C6DZCsRaXUlFlo91Tg2WpOkGARC1WS5S8t0/edit?usp=sharing), generated with kicad-footprint-generator")
    (tags resistor)
    (path /5DAD0328)
    (attr smd)
    (fp_text reference R11 (at 0.1 7.75) (layer B.SilkS)
      (effects (font (size 1 1) (thickness 0.15)) (justify mirror))
    )
    (fp_text value 4k7 (at 0 -1.65) (layer B.Fab)
      (effects (font (size 1 1) (thickness 0.15)) (justify mirror))
    )
    (fp_text user %R (at 0 0) (layer B.Fab)
      (effects (font (size 0.5 0.5) (thickness 0.08)) (justify mirror))
    )
    (fp_line (start 1.68 -0.95) (end -1.68 -0.95) (layer B.CrtYd) (width 0.05))
    (fp_line (start 1.68 0.95) (end 1.68 -0.95) (layer B.CrtYd) (width 0.05))
    (fp_line (start -1.68 0.95) (end 1.68 0.95) (layer B.CrtYd) (width 0.05))
    (fp_line (start -1.68 -0.95) (end -1.68 0.95) (layer B.CrtYd) (width 0.05))
    (fp_line (start -0.258578 -0.71) (end 0.258578 -0.71) (layer B.SilkS) (width 0.12))
    (fp_line (start -0.258578 0.71) (end 0.258578 0.71) (layer B.SilkS) (width 0.12))
    (fp_line (start 1 -0.6) (end -1 -0.6) (layer B.Fab) (width 0.1))
    (fp_line (start 1 0.6) (end 1 -0.6) (layer B.Fab) (width 0.1))
    (fp_line (start -1 0.6) (end 1 0.6) (layer B.Fab) (width 0.1))
    (fp_line (start -1 -0.6) (end -1 0.6) (layer B.Fab) (width 0.1))
    (pad 2 smd roundrect (at 0.9375 0 180) (size 0.975 1.4) (layers B.Cu B.Paste B.Mask) (roundrect_rratio 0.25)
      (net 5 +3V3))
    (pad 1 smd roundrect (at -0.9375 0 180) (size 0.975 1.4) (layers B.Cu B.Paste B.Mask) (roundrect_rratio 0.25)
      (net 242 /READY_0))
    (model ${KISYS3DMOD}/Resistor_SMD.3dshapes/R_0805_2012Metric.wrl
      (at (xyz 0 0 0))
      (scale (xyz 1 1 1))
      (rotate (xyz 0 0 0))
    )
  )

  (module Resistor_SMD:R_0805_2012Metric (layer F.Cu) (tedit 5B36C52B) (tstamp 5D9E0B68)
    (at 60.1 112.8 90)
    (descr "Resistor SMD 0805 (2012 Metric), square (rectangular) end terminal, IPC_7351 nominal, (Body size source: https://docs.google.com/spreadsheets/d/1BsfQQcO9C6DZCsRaXUlFlo91Tg2WpOkGARC1WS5S8t0/edit?usp=sharing), generated with kicad-footprint-generator")
    (tags resistor)
    (path /5DE24298)
    (attr smd)
    (fp_text reference R15 (at 3.2 0.1 90) (layer F.SilkS)
      (effects (font (size 1 1) (thickness 0.15)))
    )
    (fp_text value 4k7 (at 0 1.65 90) (layer F.Fab)
      (effects (font (size 1 1) (thickness 0.15)))
    )
    (fp_text user %R (at 0 0 90) (layer F.Fab)
      (effects (font (size 0.5 0.5) (thickness 0.08)))
    )
    (fp_line (start 1.68 0.95) (end -1.68 0.95) (layer F.CrtYd) (width 0.05))
    (fp_line (start 1.68 -0.95) (end 1.68 0.95) (layer F.CrtYd) (width 0.05))
    (fp_line (start -1.68 -0.95) (end 1.68 -0.95) (layer F.CrtYd) (width 0.05))
    (fp_line (start -1.68 0.95) (end -1.68 -0.95) (layer F.CrtYd) (width 0.05))
    (fp_line (start -0.258578 0.71) (end 0.258578 0.71) (layer F.SilkS) (width 0.12))
    (fp_line (start -0.258578 -0.71) (end 0.258578 -0.71) (layer F.SilkS) (width 0.12))
    (fp_line (start 1 0.6) (end -1 0.6) (layer F.Fab) (width 0.1))
    (fp_line (start 1 -0.6) (end 1 0.6) (layer F.Fab) (width 0.1))
    (fp_line (start -1 -0.6) (end 1 -0.6) (layer F.Fab) (width 0.1))
    (fp_line (start -1 0.6) (end -1 -0.6) (layer F.Fab) (width 0.1))
    (pad 2 smd roundrect (at 0.9375 0 90) (size 0.975 1.4) (layers F.Cu F.Paste F.Mask) (roundrect_rratio 0.25)
      (net 32 /MOSI))
    (pad 1 smd roundrect (at -0.9375 0 90) (size 0.975 1.4) (layers F.Cu F.Paste F.Mask) (roundrect_rratio 0.25)
      (net 1 GND))
    (model ${KISYS3DMOD}/Resistor_SMD.3dshapes/R_0805_2012Metric.wrl
      (at (xyz 0 0 0))
      (scale (xyz 1 1 1))
      (rotate (xyz 0 0 0))
    )
  )

  (module Resistor_SMD:R_0805_2012Metric (layer B.Cu) (tedit 5B36C52B) (tstamp 5D9C1283)
    (at 47.1375 89.6)
    (descr "Resistor SMD 0805 (2012 Metric), square (rectangular) end terminal, IPC_7351 nominal, (Body size source: https://docs.google.com/spreadsheets/d/1BsfQQcO9C6DZCsRaXUlFlo91Tg2WpOkGARC1WS5S8t0/edit?usp=sharing), generated with kicad-footprint-generator")
    (tags resistor)
    (path /5D9ADFEA)
    (attr smd)
    (fp_text reference R21 (at 3.3625 0.1 180) (layer B.SilkS)
      (effects (font (size 1 1) (thickness 0.15)) (justify mirror))
    )
    (fp_text value 120R (at 0 -1.65 -180) (layer B.Fab)
      (effects (font (size 1 1) (thickness 0.15)) (justify mirror))
    )
    (fp_line (start -1 -0.6) (end -1 0.6) (layer B.Fab) (width 0.1))
    (fp_line (start -1 0.6) (end 1 0.6) (layer B.Fab) (width 0.1))
    (fp_line (start 1 0.6) (end 1 -0.6) (layer B.Fab) (width 0.1))
    (fp_line (start 1 -0.6) (end -1 -0.6) (layer B.Fab) (width 0.1))
    (fp_line (start -0.258578 0.71) (end 0.258578 0.71) (layer B.SilkS) (width 0.12))
    (fp_line (start -0.258578 -0.71) (end 0.258578 -0.71) (layer B.SilkS) (width 0.12))
    (fp_line (start -1.68 -0.95) (end -1.68 0.95) (layer B.CrtYd) (width 0.05))
    (fp_line (start -1.68 0.95) (end 1.68 0.95) (layer B.CrtYd) (width 0.05))
    (fp_line (start 1.68 0.95) (end 1.68 -0.95) (layer B.CrtYd) (width 0.05))
    (fp_line (start 1.68 -0.95) (end -1.68 -0.95) (layer B.CrtYd) (width 0.05))
    (fp_text user %R (at 0 0 -180) (layer B.Fab)
      (effects (font (size 0.5 0.5) (thickness 0.08)) (justify mirror))
    )
    (pad 1 smd roundrect (at -0.9375 0) (size 0.975 1.4) (layers B.Cu B.Paste B.Mask) (roundrect_rratio 0.25)
      (net 53 "Net-(JP1-Pad1)"))
    (pad 2 smd roundrect (at 0.9375 0) (size 0.975 1.4) (layers B.Cu B.Paste B.Mask) (roundrect_rratio 0.25)
      (net 25 /RX-))
    (model ${KISYS3DMOD}/Resistor_SMD.3dshapes/R_0805_2012Metric.wrl
      (at (xyz 0 0 0))
      (scale (xyz 1 1 1))
      (rotate (xyz 0 0 0))
    )
  )

  (module Resistor_SMD:R_0805_2012Metric (layer B.Cu) (tedit 5B36C52B) (tstamp 5D9AA809)
    (at 78.55 105.9 270)
    (descr "Resistor SMD 0805 (2012 Metric), square (rectangular) end terminal, IPC_7351 nominal, (Body size source: https://docs.google.com/spreadsheets/d/1BsfQQcO9C6DZCsRaXUlFlo91Tg2WpOkGARC1WS5S8t0/edit?usp=sharing), generated with kicad-footprint-generator")
    (tags resistor)
    (path /5D7C5399/5D80744D)
    (attr smd)
    (fp_text reference R27 (at 7.35 0.1 90) (layer B.SilkS)
      (effects (font (size 1 1) (thickness 0.15)) (justify mirror))
    )
    (fp_text value 120R (at 0 -1.65 90) (layer B.Fab)
      (effects (font (size 1 1) (thickness 0.15)) (justify mirror))
    )
    (fp_line (start -1 -0.6) (end -1 0.6) (layer B.Fab) (width 0.1))
    (fp_line (start -1 0.6) (end 1 0.6) (layer B.Fab) (width 0.1))
    (fp_line (start 1 0.6) (end 1 -0.6) (layer B.Fab) (width 0.1))
    (fp_line (start 1 -0.6) (end -1 -0.6) (layer B.Fab) (width 0.1))
    (fp_line (start -0.258578 0.71) (end 0.258578 0.71) (layer B.SilkS) (width 0.12))
    (fp_line (start -0.258578 -0.71) (end 0.258578 -0.71) (layer B.SilkS) (width 0.12))
    (fp_line (start -1.68 -0.95) (end -1.68 0.95) (layer B.CrtYd) (width 0.05))
    (fp_line (start -1.68 0.95) (end 1.68 0.95) (layer B.CrtYd) (width 0.05))
    (fp_line (start 1.68 0.95) (end 1.68 -0.95) (layer B.CrtYd) (width 0.05))
    (fp_line (start 1.68 -0.95) (end -1.68 -0.95) (layer B.CrtYd) (width 0.05))
    (fp_text user %R (at 0 0 90) (layer B.Fab)
      (effects (font (size 0.5 0.5) (thickness 0.08)) (justify mirror))
    )
    (pad 1 smd roundrect (at -0.9375 0 270) (size 0.975 1.4) (layers B.Cu B.Paste B.Mask) (roundrect_rratio 0.25)
      (net 13 /ICE40HX8K-BG121_1/VCCPLL0))
    (pad 2 smd roundrect (at 0.9375 0 270) (size 0.975 1.4) (layers B.Cu B.Paste B.Mask) (roundrect_rratio 0.25)
      (net 3 +1V2))
    (model ${KISYS3DMOD}/Resistor_SMD.3dshapes/R_0805_2012Metric.wrl
      (at (xyz 0 0 0))
      (scale (xyz 1 1 1))
      (rotate (xyz 0 0 0))
    )
  )

  (module Resistor_SMD:R_0805_2012Metric (layer B.Cu) (tedit 5B36C52B) (tstamp 5D9AA9EF)
    (at 85.05 97 90)
    (descr "Resistor SMD 0805 (2012 Metric), square (rectangular) end terminal, IPC_7351 nominal, (Body size source: https://docs.google.com/spreadsheets/d/1BsfQQcO9C6DZCsRaXUlFlo91Tg2WpOkGARC1WS5S8t0/edit?usp=sharing), generated with kicad-footprint-generator")
    (tags resistor)
    (path /5D7C5399/5D80825F)
    (attr smd)
    (fp_text reference R28 (at 7.55 0.65 90) (layer B.SilkS)
      (effects (font (size 1 1) (thickness 0.15)) (justify mirror))
    )
    (fp_text value 120R (at 0 -1.65 90) (layer B.Fab)
      (effects (font (size 1 1) (thickness 0.15)) (justify mirror))
    )
    (fp_text user %R (at 0 0 90) (layer B.Fab)
      (effects (font (size 0.5 0.5) (thickness 0.08)) (justify mirror))
    )
    (fp_line (start 1.68 -0.95) (end -1.68 -0.95) (layer B.CrtYd) (width 0.05))
    (fp_line (start 1.68 0.95) (end 1.68 -0.95) (layer B.CrtYd) (width 0.05))
    (fp_line (start -1.68 0.95) (end 1.68 0.95) (layer B.CrtYd) (width 0.05))
    (fp_line (start -1.68 -0.95) (end -1.68 0.95) (layer B.CrtYd) (width 0.05))
    (fp_line (start -0.258578 -0.71) (end 0.258578 -0.71) (layer B.SilkS) (width 0.12))
    (fp_line (start -0.258578 0.71) (end 0.258578 0.71) (layer B.SilkS) (width 0.12))
    (fp_line (start 1 -0.6) (end -1 -0.6) (layer B.Fab) (width 0.1))
    (fp_line (start 1 0.6) (end 1 -0.6) (layer B.Fab) (width 0.1))
    (fp_line (start -1 0.6) (end 1 0.6) (layer B.Fab) (width 0.1))
    (fp_line (start -1 -0.6) (end -1 0.6) (layer B.Fab) (width 0.1))
    (pad 2 smd roundrect (at 0.9375 0 90) (size 0.975 1.4) (layers B.Cu B.Paste B.Mask) (roundrect_rratio 0.25)
      (net 3 +1V2))
    (pad 1 smd roundrect (at -0.9375 0 90) (size 0.975 1.4) (layers B.Cu B.Paste B.Mask) (roundrect_rratio 0.25)
      (net 15 /ICE40HX8K-BG121_1/VCCPLL1))
    (model ${KISYS3DMOD}/Resistor_SMD.3dshapes/R_0805_2012Metric.wrl
      (at (xyz 0 0 0))
      (scale (xyz 1 1 1))
      (rotate (xyz 0 0 0))
    )
  )

  (module Resistor_SMD:R_0805_2012Metric (layer B.Cu) (tedit 5B36C52B) (tstamp 5D8EF386)
    (at 84.75 107 90)
    (descr "Resistor SMD 0805 (2012 Metric), square (rectangular) end terminal, IPC_7351 nominal, (Body size source: https://docs.google.com/spreadsheets/d/1BsfQQcO9C6DZCsRaXUlFlo91Tg2WpOkGARC1WS5S8t0/edit?usp=sharing), generated with kicad-footprint-generator")
    (tags resistor)
    (path /5D7C5399/5ED26A4F)
    (attr smd)
    (fp_text reference R29 (at -7.45 -0.05 90) (layer B.SilkS)
      (effects (font (size 1 1) (thickness 0.15)) (justify mirror))
    )
    (fp_text value 10k (at 0 -1.65 90) (layer B.Fab)
      (effects (font (size 1 1) (thickness 0.15)) (justify mirror))
    )
    (fp_text user %R (at 0 0 90) (layer B.Fab)
      (effects (font (size 0.5 0.5) (thickness 0.08)) (justify mirror))
    )
    (fp_line (start 1.68 -0.95) (end -1.68 -0.95) (layer B.CrtYd) (width 0.05))
    (fp_line (start 1.68 0.95) (end 1.68 -0.95) (layer B.CrtYd) (width 0.05))
    (fp_line (start -1.68 0.95) (end 1.68 0.95) (layer B.CrtYd) (width 0.05))
    (fp_line (start -1.68 -0.95) (end -1.68 0.95) (layer B.CrtYd) (width 0.05))
    (fp_line (start -0.258578 -0.71) (end 0.258578 -0.71) (layer B.SilkS) (width 0.12))
    (fp_line (start -0.258578 0.71) (end 0.258578 0.71) (layer B.SilkS) (width 0.12))
    (fp_line (start 1 -0.6) (end -1 -0.6) (layer B.Fab) (width 0.1))
    (fp_line (start 1 0.6) (end 1 -0.6) (layer B.Fab) (width 0.1))
    (fp_line (start -1 0.6) (end 1 0.6) (layer B.Fab) (width 0.1))
    (fp_line (start -1 -0.6) (end -1 0.6) (layer B.Fab) (width 0.1))
    (pad 2 smd roundrect (at 0.9375 0 90) (size 0.975 1.4) (layers B.Cu B.Paste B.Mask) (roundrect_rratio 0.25)
      (net 36 /ICE40HX8K-BG121_1/CDONE))
    (pad 1 smd roundrect (at -0.9375 0 90) (size 0.975 1.4) (layers B.Cu B.Paste B.Mask) (roundrect_rratio 0.25)
      (net 5 +3V3))
    (model ${KISYS3DMOD}/Resistor_SMD.3dshapes/R_0805_2012Metric.wrl
      (at (xyz 0 0 0))
      (scale (xyz 1 1 1))
      (rotate (xyz 0 0 0))
    )
  )

  (module Resistor_SMD:R_0805_2012Metric (layer B.Cu) (tedit 5B36C52B) (tstamp 5D8EF397)
    (at 88.45 105.4 90)
    (descr "Resistor SMD 0805 (2012 Metric), square (rectangular) end terminal, IPC_7351 nominal, (Body size source: https://docs.google.com/spreadsheets/d/1BsfQQcO9C6DZCsRaXUlFlo91Tg2WpOkGARC1WS5S8t0/edit?usp=sharing), generated with kicad-footprint-generator")
    (tags resistor)
    (path /5D7C5399/5E945D22)
    (attr smd)
    (fp_text reference R30 (at -7.4 -0.1 90) (layer B.SilkS)
      (effects (font (size 1 1) (thickness 0.15)) (justify mirror))
    )
    (fp_text value 10k (at 0 -1.65 90) (layer B.Fab)
      (effects (font (size 1 1) (thickness 0.15)) (justify mirror))
    )
    (fp_line (start -1 -0.6) (end -1 0.6) (layer B.Fab) (width 0.1))
    (fp_line (start -1 0.6) (end 1 0.6) (layer B.Fab) (width 0.1))
    (fp_line (start 1 0.6) (end 1 -0.6) (layer B.Fab) (width 0.1))
    (fp_line (start 1 -0.6) (end -1 -0.6) (layer B.Fab) (width 0.1))
    (fp_line (start -0.258578 0.71) (end 0.258578 0.71) (layer B.SilkS) (width 0.12))
    (fp_line (start -0.258578 -0.71) (end 0.258578 -0.71) (layer B.SilkS) (width 0.12))
    (fp_line (start -1.68 -0.95) (end -1.68 0.95) (layer B.CrtYd) (width 0.05))
    (fp_line (start -1.68 0.95) (end 1.68 0.95) (layer B.CrtYd) (width 0.05))
    (fp_line (start 1.68 0.95) (end 1.68 -0.95) (layer B.CrtYd) (width 0.05))
    (fp_line (start 1.68 -0.95) (end -1.68 -0.95) (layer B.CrtYd) (width 0.05))
    (fp_text user %R (at 0 0 90) (layer B.Fab)
      (effects (font (size 0.5 0.5) (thickness 0.08)) (justify mirror))
    )
    (pad 1 smd roundrect (at -0.9375 0 90) (size 0.975 1.4) (layers B.Cu B.Paste B.Mask) (roundrect_rratio 0.25)
      (net 1 GND))
    (pad 2 smd roundrect (at 0.9375 0 90) (size 0.975 1.4) (layers B.Cu B.Paste B.Mask) (roundrect_rratio 0.25)
      (net 228 /ICE40HX8K-BG121_1/SPI_SS_B))
    (model ${KISYS3DMOD}/Resistor_SMD.3dshapes/R_0805_2012Metric.wrl
      (at (xyz 0 0 0))
      (scale (xyz 1 1 1))
      (rotate (xyz 0 0 0))
    )
  )

  (module Jumper:SolderJumper-2_P1.3mm_Open_TrianglePad1.0x1.5mm (layer F.Cu) (tedit 5A64794F) (tstamp 5D9C146A)
    (at 55.25 99.2)
    (descr "SMD Solder Jumper, 1x1.5mm Triangular Pads, 0.3mm gap, open")
    (tags "solder jumper open")
    (path /5DBCBE79)
    (attr virtual)
    (fp_text reference R19 (at 3.25 0) (layer F.SilkS)
      (effects (font (size 1 1) (thickness 0.15)))
    )
    (fp_text value 0R (at 0 1.9) (layer F.Fab)
      (effects (font (size 1 1) (thickness 0.15)))
    )
    (fp_line (start 1.65 1.25) (end -1.65 1.25) (layer F.CrtYd) (width 0.05))
    (fp_line (start 1.65 1.25) (end 1.65 -1.25) (layer F.CrtYd) (width 0.05))
    (fp_line (start -1.65 -1.25) (end -1.65 1.25) (layer F.CrtYd) (width 0.05))
    (fp_line (start -1.65 -1.25) (end 1.65 -1.25) (layer F.CrtYd) (width 0.05))
    (fp_line (start -1.4 -1) (end 1.4 -1) (layer F.SilkS) (width 0.12))
    (fp_line (start 1.4 -1) (end 1.4 1) (layer F.SilkS) (width 0.12))
    (fp_line (start 1.4 1) (end -1.4 1) (layer F.SilkS) (width 0.12))
    (fp_line (start -1.4 1) (end -1.4 -1) (layer F.SilkS) (width 0.12))
    (pad 1 smd custom (at -0.725 0) (size 0.3 0.3) (layers F.Cu F.Mask)
      (net 41 "Net-(J4-Pad1)") (zone_connect 2)
      (options (clearance outline) (anchor rect))
      (primitives
        (gr_poly (pts
           (xy -0.5 -0.75) (xy 0.5 -0.75) (xy 1 0) (xy 0.5 0.75) (xy -0.5 0.75)
) (width 0))
      ))
    (pad 2 smd custom (at 0.725 0) (size 0.3 0.3) (layers F.Cu F.Mask)
      (net 5 +3V3) (zone_connect 2)
      (options (clearance outline) (anchor rect))
      (primitives
        (gr_poly (pts
           (xy -0.65 -0.75) (xy 0.5 -0.75) (xy 0.5 0.75) (xy -0.65 0.75) (xy -0.15 0)
) (width 0))
      ))
  )

  (module Crystal:Crystal_SMD_Abracon_ABM3B-4Pin_5.0x3.2mm (layer F.Cu) (tedit 5A0FD1B2) (tstamp 5D9D5978)
    (at 54.8 116.35)
    (descr "Abracon Miniature Ceramic Smd Crystal ABM3B http://www.abracon.com/Resonators/abm3b.pdf, 5.0x3.2mm^2 package")
    (tags "SMD SMT crystal")
    (path /5DB900C6)
    (attr smd)
    (fp_text reference Y1 (at 0 -2.8) (layer F.SilkS)
      (effects (font (size 1 1) (thickness 0.15)))
    )
    (fp_text value 16MHz (at 0 2.8) (layer F.Fab)
      (effects (font (size 1 1) (thickness 0.15)))
    )
    (fp_circle (center 0 0) (end 0.116667 0) (layer F.Adhes) (width 0.233333))
    (fp_circle (center 0 0) (end 0.266667 0) (layer F.Adhes) (width 0.166667))
    (fp_circle (center 0 0) (end 0.416667 0) (layer F.Adhes) (width 0.166667))
    (fp_circle (center 0 0) (end 0.5 0) (layer F.Adhes) (width 0.1))
    (fp_line (start 3.2 -2.1) (end -3.2 -2.1) (layer F.CrtYd) (width 0.05))
    (fp_line (start 3.2 2.1) (end 3.2 -2.1) (layer F.CrtYd) (width 0.05))
    (fp_line (start -3.2 2.1) (end 3.2 2.1) (layer F.CrtYd) (width 0.05))
    (fp_line (start -3.2 -2.1) (end -3.2 2.1) (layer F.CrtYd) (width 0.05))
    (fp_line (start -0.9 1.8) (end -0.9 2.04) (layer F.SilkS) (width 0.12))
    (fp_line (start 0.9 1.8) (end -0.9 1.8) (layer F.SilkS) (width 0.12))
    (fp_line (start -0.9 -1.8) (end 0.9 -1.8) (layer F.SilkS) (width 0.12))
    (fp_line (start 2.7 -0.4) (end 2.7 0.4) (layer F.SilkS) (width 0.12))
    (fp_line (start -2.7 0.4) (end -2.7 -0.4) (layer F.SilkS) (width 0.12))
    (fp_line (start -3.1 0.4) (end -2.7 0.4) (layer F.SilkS) (width 0.12))
    (fp_line (start -2.5 0.6) (end -1.5 1.6) (layer F.Fab) (width 0.1))
    (fp_line (start -2.5 -1.4) (end -2.3 -1.6) (layer F.Fab) (width 0.1))
    (fp_line (start -2.5 1.4) (end -2.5 -1.4) (layer F.Fab) (width 0.1))
    (fp_line (start -2.3 1.6) (end -2.5 1.4) (layer F.Fab) (width 0.1))
    (fp_line (start 2.3 1.6) (end -2.3 1.6) (layer F.Fab) (width 0.1))
    (fp_line (start 2.5 1.4) (end 2.3 1.6) (layer F.Fab) (width 0.1))
    (fp_line (start 2.5 -1.4) (end 2.5 1.4) (layer F.Fab) (width 0.1))
    (fp_line (start 2.3 -1.6) (end 2.5 -1.4) (layer F.Fab) (width 0.1))
    (fp_line (start -2.3 -1.6) (end 2.3 -1.6) (layer F.Fab) (width 0.1))
    (fp_text user %R (at 0 0) (layer F.Fab)
      (effects (font (size 1 1) (thickness 0.15)))
    )
    (pad 4 smd rect (at -2 -1.2) (size 1.8 1.2) (layers F.Cu F.Paste F.Mask)
      (net 1 GND))
    (pad 3 smd rect (at 2 -1.2) (size 1.8 1.2) (layers F.Cu F.Paste F.Mask)
      (net 9 /XOUT))
    (pad 2 smd rect (at 2 1.2) (size 1.8 1.2) (layers F.Cu F.Paste F.Mask)
      (net 1 GND))
    (pad 1 smd rect (at -2 1.2) (size 1.8 1.2) (layers F.Cu F.Paste F.Mask)
      (net 8 /XIN))
    (model ${KISYS3DMOD}/Crystal.3dshapes/Crystal_SMD_Abracon_ABM3B-4Pin_5.0x3.2mm.wrl
      (at (xyz 0 0 0))
      (scale (xyz 1 1 1))
      (rotate (xyz 0 0 0))
    )
  )

  (module Inductor_SMD:L_0805_2012Metric (layer F.Cu) (tedit 5B36C52B) (tstamp 5D9D59C6)
    (at 49.7 109.55 180)
    (descr "Inductor SMD 0805 (2012 Metric), square (rectangular) end terminal, IPC_7351 nominal, (Body size source: https://docs.google.com/spreadsheets/d/1BsfQQcO9C6DZCsRaXUlFlo91Tg2WpOkGARC1WS5S8t0/edit?usp=sharing), generated with kicad-footprint-generator")
    (tags inductor)
    (path /5E73369B)
    (attr smd)
    (fp_text reference L2 (at 2.65 -0.05) (layer F.SilkS)
      (effects (font (size 1 1) (thickness 0.15)))
    )
    (fp_text value FB (at 0 1.65) (layer F.Fab)
      (effects (font (size 1 1) (thickness 0.15)))
    )
    (fp_text user %R (at 0 0) (layer F.Fab)
      (effects (font (size 0.5 0.5) (thickness 0.08)))
    )
    (fp_line (start 1.68 0.95) (end -1.68 0.95) (layer F.CrtYd) (width 0.05))
    (fp_line (start 1.68 -0.95) (end 1.68 0.95) (layer F.CrtYd) (width 0.05))
    (fp_line (start -1.68 -0.95) (end 1.68 -0.95) (layer F.CrtYd) (width 0.05))
    (fp_line (start -1.68 0.95) (end -1.68 -0.95) (layer F.CrtYd) (width 0.05))
    (fp_line (start -0.258578 0.71) (end 0.258578 0.71) (layer F.SilkS) (width 0.12))
    (fp_line (start -0.258578 -0.71) (end 0.258578 -0.71) (layer F.SilkS) (width 0.12))
    (fp_line (start 1 0.6) (end -1 0.6) (layer F.Fab) (width 0.1))
    (fp_line (start 1 -0.6) (end 1 0.6) (layer F.Fab) (width 0.1))
    (fp_line (start -1 -0.6) (end 1 -0.6) (layer F.Fab) (width 0.1))
    (fp_line (start -1 0.6) (end -1 -0.6) (layer F.Fab) (width 0.1))
    (pad 2 smd roundrect (at 0.9375 0 180) (size 0.975 1.4) (layers F.Cu F.Paste F.Mask) (roundrect_rratio 0.25)
      (net 5 +3V3))
    (pad 1 smd roundrect (at -0.9375 0 180) (size 0.975 1.4) (layers F.Cu F.Paste F.Mask) (roundrect_rratio 0.25)
      (net 7 /VDDANA))
    (model ${KISYS3DMOD}/Inductor_SMD.3dshapes/L_0805_2012Metric.wrl
      (at (xyz 0 0 0))
      (scale (xyz 1 1 1))
      (rotate (xyz 0 0 0))
    )
  )

  (module Inductor_SMD:L_0805_2012Metric (layer F.Cu) (tedit 5B36C52B) (tstamp 5D94362C)
    (at 107.5 88.75 180)
    (descr "Inductor SMD 0805 (2012 Metric), square (rectangular) end terminal, IPC_7351 nominal, (Body size source: https://docs.google.com/spreadsheets/d/1BsfQQcO9C6DZCsRaXUlFlo91Tg2WpOkGARC1WS5S8t0/edit?usp=sharing), generated with kicad-footprint-generator")
    (tags inductor)
    (path /5DA60CA2)
    (attr smd)
    (fp_text reference L1 (at 0 -1.65) (layer F.SilkS)
      (effects (font (size 1 1) (thickness 0.15)))
    )
    (fp_text value FB (at 0 1.65) (layer F.Fab)
      (effects (font (size 1 1) (thickness 0.15)))
    )
